1,111
1,57
1,45
1,13
2,176
2,45
2,200
2,161
2,9
2,3
2,8
2,58
2,89
2,107
2,26
3,139
3,186
3,115
3,124
3,118
3,158
3,74
3,111
4,135
4,45
4,132
4,51
4,196
4,104
4,109
4,134
5,50
5,58
5,157
5,154
5,196
5,119
5,57
5,137
6,111
6,51
6,86
6,26
6,94
6,9
6,181
6,117
6,117
6,1
6,133
6,72
6,112
6,28
6,94
7,87
7,149
7,22
7,8
7,164
7,188
7,176
7,52
7,95
7,2
7,62
7,177
8,197
8,114
8,44
8,29
8,158
8,117
8,95
8,35
8,116
8,200
8,137
8,68
8,115
8,11
8,181
8,173
9,171
9,28
9,145
9,43
9,133
9,160
9,43
9,92
9,163
9,48
9,135
9,55
9,11
9,40
9,17
9,138
9,85
9,60
10,167
10,122
10,8
10,200
10,92
10,171
10,154
10,109
10,167
10,4
10,47
10,47
10,13
10,143
10,43
11,101
11,29
11,110
11,181
11,59
11,41
11,148
11,67
12,21
12,164
12,48
12,7
12,41
12,183
12,85
12,75
12,157
12,43
13,181
13,15
13,124
13,31
13,129
13,57
13,104
13,36
13,158
13,75
13,71
13,8
13,198
14,150
14,165
14,46
14,142
14,194
14,108
14,38
14,163
14,91
14,41
14,64
14,161
14,150
14,115
14,51
14,119
14,179
14,169
15,148
15,174
15,96
15,49
15,179
15,149
15,144
16,134
16,174
16,37
16,5
16,177
16,60
16,11
16,61
16,55
16,6
16,188
17,46
17,127
17,175
17,42
17,57
17,34
17,5
17,96
17,193
17,16
18,123
18,99
18,161
18,1
18,46
18,143
18,121
18,61
18,46
18,37
18,113
18,126
18,49
18,12
18,187
18,19
18,56
19,104
19,10
19,2
19,122
19,117
19,77
19,21
19,58
19,69
19,50
19,181
19,92
19,83
19,23
19,11
19,86
19,83
19,178
20,17
20,84
20,47
20,129
20,113
20,63
20,4
20,87
20,164
20,154
20,197
20,85
20,153
20,51
20,52
20,87
20,103
20,88
20,96
20,14
21,98
21,88
21,184
21,7
21,171
21,44
21,107
21,181
21,136
21,171
21,92
21,118
21,77
21,35
22,195
22,151
22,111
22,15
22,41
22,138
22,138
22,108
23,160
23,70
23,184
23,145
24,69
24,58
24,139
24,197
24,93
25,33
25,21
25,83
26,187
26,104
26,196
26,155
26,70
26,18
26,142
26,105
26,57
26,42
26,114
26,20
26,22
26,7
26,160
26,129
26,21
26,20
27,99
27,153
27,5
27,119
27,189
27,45
27,22
27,84
27,158
27,176
27,145
27,68
28,96
28,58
28,99
28,49
28,117
28,115
28,173
29,37
29,86
29,191
29,165
29,105
29,11
29,80
29,56
29,158
29,92
29,65
30,184
30,62
30,55
30,49
30,148
30,114
30,75
30,105
30,88
30,7
31,190
31,130
31,104
31,30
31,89
31,145
31,24
31,41
31,70
31,18
31,121
31,184
31,177
31,80
31,20
31,91
31,56
31,142
32,196
32,156
32,5
32,157
32,16
32,7
32,115
32,44
32,102
32,18
32,69
32,106
32,61
32,97
32,171
32,43
32,193
32,35
32,148
32,4
33,69
33,48
33,19
34,27
34,161
34,111
34,161
34,81
34,151
34,108
34,133
34,99
34,74
34,41
34,108
34,172
34,176
35,161
35,6
35,97
35,63
35,55
35,30
35,13
35,5
35,174
35,145
35,17
35,48
36,163
36,19
36,4
36,26
36,13
36,88
36,50
36,13
36,76
36,181
36,37
36,89
36,40
37,11
37,95
37,43
37,159
37,111
37,19
37,133
37,70
37,68
37,123
37,173
37,16
37,51
38,141
38,101
38,51
38,156
38,80
38,148
38,97
38,92
38,72
38,92
38,157
38,185
38,133
38,104
38,86
38,36
39,79
39,83
39,159
39,110
39,108
39,2
39,149
39,55
39,111
39,109
39,189
39,122
39,92
39,138
39,5
39,114
39,77
39,104
39,139
40,128
40,147
40,91
40,152
40,124
40,59
40,80
40,81
40,178
40,120
40,137
40,38
40,96
40,9
40,106
41,161
41,83
41,122
41,112
41,118
41,53
41,106
41,2
41,139
41,129
41,47
41,74
42,36
42,73
42,31
42,122
42,99
42,16
42,20
42,135
43,54
43,135
43,13
43,115
43,17
43,118
43,158
43,142
43,24
43,166
43,72
44,42
44,67
44,173
44,176
44,72
44,42
44,128
44,57
44,43
44,155
44,193
44,6
44,111
44,65
44,15
44,123
44,55
44,135
44,200
45,169
45,192
45,175
45,138
45,90
45,44
45,190
45,159
45,190
45,84
45,180
45,100
45,37
45,100
45,193
45,145
45,106
45,195
46,32
46,55
46,66
46,16
46,148
47,36
47,109
47,185
47,9
47,154
47,104
47,79
47,177
47,178
47,48
47,186
47,140
47,137
47,193
47,25
47,27
47,24
47,35
47,126
47,196
48,38
48,162
48,8
48,31
49,140
49,194
50,65
50,125
50,169
50,70
50,74
50,153
50,104
50,167
50,22
50,176
50,44
50,147
50,74
50,138
50,38
50,40
50,14
50,112
50,127
51,169
51,157
51,65
51,58
51,73
51,100
51,146
51,114
52,106
52,156
52,148
52,169
52,119
52,99
52,129
52,74
52,150
52,196
52,124
52,51
52,96
52,11
52,75
52,170
52,126
52,191
52,115
52,177
53,31
53,128
53,168
53,149
54,104
54,43
54,107
54,160
54,196
55,111
55,2
55,148
55,77
55,166
55,107
55,128
55,90
55,14
55,85
55,56
55,107
55,48
56,135
56,182
56,140
56,167
56,4
56,57
56,91
56,30
57,139
57,76
57,77
57,180
58,168
58,113
58,37
58,140
58,110
58,69
58,7
58,52
58,73
58,1
58,17
58,23
58,125
58,192
58,163
58,125
58,118
58,111
58,192
58,200
59,42
59,40
59,61
59,69
59,80
59,179
59,73
59,58
59,46
59,144
59,195
59,182
59,45
59,31
59,186
59,164
59,81
59,10
59,100
60,51
60,6
60,194
60,90
60,65
60,3
60,196
60,12
60,159
60,179
60,173
60,61
60,25
60,89
60,77
61,62
61,88
61,87
61,19
62,69
62,59
62,134
62,99
62,43
62,10
62,184
62,101
62,19
62,107
62,115
62,174
62,157
62,15
62,58
62,193
62,160
62,166
62,149
62,176
63,56
63,41
63,137
63,198
63,141
63,175
63,88
64,24
64,124
64,106
64,37
64,37
64,114
65,89
65,18
65,136
65,139
65,35
65,37
65,131
65,168
65,35
65,119
66,75
66,183
66,98
66,9
66,183
66,43
66,190
66,196
66,137
66,81
67,152
67,59
67,111
67,99
67,72
67,123
67,5
67,25
67,189
67,132
67,80
67,196
67,89
67,197
67,22
67,176
68,191
68,6
68,132
68,145
68,133
68,158
68,173
68,123
68,197
68,34
68,142
68,169
68,99
68,64
68,58
68,14
68,78
68,143
68,2
69,145
69,98
69,179
69,118
70,199
70,66
70,119
70,178
70,168
70,19
70,186
70,102
70,184
70,95
70,194
71,142
71,47
71,124
71,32
71,153
71,193
71,6
71,40
71,76
72,25
72,103
72,64
72,47
72,17
73,170
73,7
73,128
73,149
73,140
73,99
73,56
73,34
73,1
73,20
73,117
73,40
73,31
73,142
73,83
74,37
74,58
74,34
74,143
74,92
74,71
74,26
74,198
74,90
74,20
74,117
74,61
75,169
75,159
75,82
75,9
75,90
75,127
75,109
75,197
75,178
75,92
75,170
75,162
75,182
75,191
75,57
75,200
75,24
75,124
75,30
76,80
76,17
76,122
76,124
76,140
76,150
76,161
76,15
76,144
76,198
76,5
76,174
76,175
77,135
77,183
77,71
77,179
77,76
77,190
77,109
77,23
77,99
77,13
77,98
77,98
77,7
77,39
77,79
77,101
77,85
78,30
78,167
78,44
78,168
78,40
79,40
79,37
79,174
79,108
79,120
79,94
79,46
79,47
79,102
80,21
80,101
80,59
80,184
80,156
80,141
80,112
80,50
80,82
80,75
80,133
80,64
80,134
80,192
80,10
81,155
81,66
81,94
82,112
82,102
82,11
82,97
82,29
82,187
82,59
82,79
82,162
82,108
82,23
82,18
82,34
82,106
82,97
82,193
82,59
83,123
83,147
83,73
83,161
83,107
83,23
83,193
83,125
83,116
83,173
83,127
83,69
83,86
83,21
83,34
83,43
83,102
83,193
84,86
84,162
84,97
84,195
84,142
84,144
84,83
84,61
84,59
84,31
84,82
84,162
84,50
84,186
84,120
85,117
85,70
85,13
85,61
85,187
85,39
85,63
85,43
85,158
86,175
86,34
86,119
86,81
86,156
86,120
87,53
87,74
87,49
87,169
87,158
87,80
87,188
87,166
87,72
87,4
87,23
87,132
87,165
87,190
87,30
87,115
88,147
88,122
88,31
88,32
88,76
88,8
88,85
88,131
88,81
89,57
89,57
89,117
89,20
89,155
89,109
89,107
89,167
89,157
89,34
89,120
89,61
89,161
90,141
90,74
90,153
91,106
91,151
91,67
91,86
91,152
92,147
92,144
92,55
92,57
92,173
92,196
92,151
92,5
92,79
92,170
93,8
93,143
93,40
93,165
93,20
93,126
93,97
93,33
93,100
93,70
93,3
93,92
93,53
93,112
93,191
94,85
94,77
94,172
94,180
95,121
95,188
95,159
95,155
95,157
95,23
95,106
96,172
96,31
96,139
96,101
96,60
96,174
96,123
96,56
96,60
96,54
96,113
96,157
96,27
96,46
96,141
96,85
96,118
97,54
97,23
97,76
97,100
97,98
97,136
97,64
97,61
97,146
97,194
97,16
97,170
97,28
97,166
97,78
97,71
98,75
98,151
98,37
98,159
98,117
98,165
98,133
98,179
98,163
98,188
98,18
99,88
99,23
99,22
99,69
99,3
99,164
99,80
99,10
99,45
99,136
99,187
99,172
99,61
99,136
100,151
100,50
100,123
100,97
100,8
100,70
100,48
100,80
100,146
100,30
100,28
100,52
100,73
101,51
101,133
101,53
101,38
101,178
101,146
101,82
101,43
101,66
101,41
101,9
101,19
101,76
101,195
101,107
101,32
102,121
102,46
102,131
102,36
102,21
102,194
102,5
102,32
102,146
102,21
102,154
102,139
102,177
102,92
103,16
103,90
103,2
103,123
104,42
104,164
104,53
104,61
104,200
104,144
104,7
104,16
104,47
104,15
104,105
104,167
105,63
105,96
105,36
105,55
105,13
105,41
105,183
105,183
105,63
105,195
106,187
106,138
106,17
106,38
106,131
106,124
106,2
106,144
106,180
106,31
106,81
106,121
106,29
106,89
106,67
106,60
107,170
107,59
107,199
107,147
107,85
107,190
107,100
107,146
107,161
107,102
108,112
108,87
108,184
108,37
108,194
108,170
108,147
108,192
108,137
108,180
108,147
108,152
108,131
109,156
109,154
109,159
109,125
109,63
109,85
109,24
109,112
109,88
109,190
109,164
109,72
109,184
109,128
109,178
109,95
109,179
110,68
110,146
110,111
110,135
110,19
110,187
110,161
110,174
110,127
110,27
110,133
110,58
110,109
110,161
110,114
110,67
110,152
111,28
111,179
111,69
111,159
111,91
111,112
111,196
111,54
111,191
111,146
111,33
111,99
111,76
111,75
111,92
111,85
111,1
112,106
112,65
112,143
112,54
112,12
112,127
112,180
112,157
112,144
112,129
112,77
112,77
112,113
112,39
112,165
112,140
112,36
112,166
112,4
112,30
113,169
113,139
113,163
113,104
113,17
113,8
113,164
113,71
113,148
113,49
113,155
113,103
113,42
113,180
113,72
113,196
113,118
114,101
114,127
114,135
114,169
114,77
114,157
114,16
114,104
114,20
114,12
114,137
114,191
114,26
114,160
114,158
114,85
115,47
115,15
115,56
115,121
115,124
115,28
115,200
115,28
115,74
116,73
116,94
116,30
116,28
116,188
116,129
117,105
117,99
117,47
117,121
117,189
117,10
117,119
117,108
117,84
118,173
118,68
118,103
118,183
118,51
118,195
118,14
118,60
118,180
119,173
119,174
119,14
119,175
119,113
119,98
120,114
120,143
120,13
120,152
120,118
120,169
120,179
120,130
120,102
120,134
120,29
121,139
121,51
121,167
121,152
121,22
121,105
121,76
122,155
122,174
122,99
123,141
123,156
124,176
124,161
124,21
124,190
124,49
124,66
124,85
125,62
125,2
125,94
125,16
125,27
125,23
125,131
125,58
125,112
125,168
125,197
125,148
125,111
125,108
125,76
125,10
125,126
125,62
125,6
126,3
126,119
126,140
126,30
126,134
126,155
126,74
127,170
127,99
127,27
127,136
127,168
128,196
128,176
128,96
128,174
128,138
128,72
128,104
128,172
128,74
128,193
128,30
128,151
128,188
128,95
128,134
128,146
128,82
129,198
129,8
129,4
129,95
129,109
129,76
129,35
129,151
129,42
129,21
129,95
129,192
129,22
129,41
129,95
129,93
129,81
130,89
130,173
130,164
130,116
130,5
130,200
130,51
130,64
130,190
130,126
130,110
130,99
130,25
130,34
131,20
131,6
131,86
131,183
131,174
131,2
131,122
131,189
131,107
131,87
131,54
131,13
131,166
131,100
131,19
131,78
131,197
131,136
132,49
132,22
133,48
133,167
133,1
133,83
133,66
133,47
133,13
133,161
133,48
133,39
134,194
134,26
134,113
134,171
134,127
134,131
134,151
134,109
134,43
135,2
135,191
135,93
135,175
135,141
135,93
135,153
135,156
135,55
135,55
135,134
135,137
135,145
135,141
135,54
135,59
135,197
135,58
135,4
136,33
136,62
136,135
136,196
136,88
136,172
136,102
137,167
137,10
137,98
137,65
137,181
137,90
138,82
138,10
138,22
138,176
138,146
138,59
138,109
138,161
138,127
138,52
138,68
138,100
138,103
138,135
138,156
138,151
138,58
139,1
139,195
139,175
139,18
139,153
139,189
139,27
139,189
139,148
139,86
139,38
139,76
139,167
139,144
139,29
139,101
139,95
140,83
140,191
140,47
140,54
140,133
140,121
140,112
140,147
140,97
140,155
140,93
140,126
140,109
141,64
141,159
141,163
141,188
141,152
141,135
141,187
141,13
141,159
142,89
142,119
142,198
142,32
142,181
142,161
143,55
143,82
143,34
143,78
143,5
143,13
143,62
143,126
143,145
144,23
144,190
144,106
144,178
144,149
144,88
144,176
145,107
145,76
145,193
145,73
145,138
145,74
145,73
146,115
146,185
146,188
146,42
146,81
146,168
146,184
146,37
146,76
146,104
146,116
146,156
146,160
146,76
147,131
147,175
147,194
147,17
147,68
147,32
147,62
147,83
147,195
147,170
147,53
147,88
147,92
147,108
147,84
147,73
147,69
147,8
148,64
148,113
148,44
149,103
149,13
149,32
149,45
149,91
149,197
149,173
149,199
149,7
149,185
149,12
150,183
150,1
150,20
150,153
150,139
150,78
150,108
150,91
151,150
151,138
151,25
151,96
151,192
152,195
152,184
152,194
152,118
152,98
152,33
152,81
152,23
152,21
152,175
153,97
153,15
153,154
153,164
153,36
153,33
153,34
153,46
153,123
153,174
153,8
153,122
153,88
153,176
153,8
153,152
153,5
153,112
153,72
153,180
154,176
154,171
154,141
154,101
154,42
154,141
154,8
154,1
155,146
155,23
155,170
155,179
155,115
155,14
155,34
155,48
155,55
155,200
155,48
155,104
155,197
155,74
155,66
155,26
155,52
155,135
156,121
156,5
156,190
156,173
156,10
156,27
156,74
156,14
156,150
156,97
156,189
156,24
156,146
156,159
156,84
156,129
156,197
156,111
157,126
157,165
157,199
157,118
157,18
157,64
157,141
157,77
157,186
158,53
158,71
158,180
158,26
158,27
158,173
158,129
158,196
158,63
158,31
159,53
159,82
159,37
159,184
159,15
159,35
160,120
160,182
160,56
160,168
160,45
160,107
160,129
160,95
160,42
160,134
160,137
160,173
160,30
160,21
160,153
160,103
160,66
160,81
160,90
161,165
161,194
161,77
161,72
161,158
161,148
161,55
162,182
162,60
162,6
163,51
163,62
163,182
163,26
163,77
163,116
163,135
163,97
163,31
163,27
163,130
163,76
163,124
164,19
164,42
164,60
164,153
164,121
164,154
164,76
164,196
164,183
164,37
164,107
164,194
164,58
164,146
165,199
165,101
165,114
165,1
165,38
165,106
165,114
165,54
165,36
165,76
165,40
165,173
165,9
165,149
165,176
165,83
166,157
166,107
167,106
167,13
167,64
167,137
167,138
167,91
167,151
167,163
167,156
167,178
167,103
167,145
168,192
168,32
168,80
168,97
168,160
168,186
168,188
169,195
169,121
169,151
169,70
169,191
169,2
169,15
170,77
170,125
170,57
170,37
170,76
170,169
170,69
171,37
171,79
171,39
171,104
171,156
171,42
171,39
171,107
171,87
171,155
171,131
171,166
171,159
171,153
171,162
171,113
171,165
172,11
172,145
172,159
172,138
172,174
172,200
172,116
172,163
172,89
172,156
172,136
172,25
172,51
172,145
172,159
172,33
172,94
172,159
172,51
172,18
173,30
173,66
173,122
173,93
173,123
173,24
173,171
173,66
173,100
173,195
173,29
173,84
173,188
173,43
174,55
174,144
174,99
174,33
174,198
174,125
174,81
174,180
174,182
174,39
174,127
174,127
174,172
174,86
174,146
174,73
174,162
174,158
174,76
175,2
175,57
175,59
175,200
175,186
175,189
175,189
175,135
175,152
175,90
175,161
175,154
175,150
175,157
175,56
175,27
176,36
176,58
176,52
176,197
176,108
176,26
176,181
176,102
176,144
176,112
176,177
176,174
176,143
176,175
177,55
177,174
177,68
177,195
177,47
177,155
177,143
177,147
177,73
177,53
177,37
178,150
178,61
178,192
178,112
178,157
178,48
178,123
178,49
178,29
178,187
178,80
178,179
178,38
178,183
178,15
178,11
178,62
179,17
179,16
179,110
179,157
179,134
179,164
179,94
179,168
179,4
179,180
180,8
180,145
180,134
180,189
180,85
180,100
181,114
181,71
181,138
181,150
181,22
181,193
181,33
181,176
181,55
181,186
181,178
181,5
181,131
181,122
181,1
181,53
181,51
181,176
182,60
182,37
182,34
182,172
182,65
183,89
183,88
183,125
183,153
183,165
183,30
183,120
183,83
183,100
183,119
183,122
183,197
183,93
183,180
183,47
184,67
184,94
184,29
184,132
184,30
184,58
184,132
184,187
184,145
184,122
184,132
184,35
184,85
184,54
184,27
184,41
184,154
184,34
184,189
184,25
185,3
185,197
185,120
185,196
185,35
185,198
185,164
185,120
185,42
185,102
185,166
186,180
186,122
186,134
186,129
186,91
186,193
186,117
186,33
186,42
186,131
186,138
186,119
186,70
187,104
187,156
187,4
188,92
188,165
189,10
189,38
189,123
189,51
189,3
189,81
189,35
189,99
189,133
189,72
189,111
189,193
189,88
189,50
189,198
189,75
189,115
189,32
189,18
190,148
190,171
190,192
190,104
190,106
190,197
190,163
190,8
190,8
190,188
190,134
190,83
191,46
191,30
191,32
191,125
191,78
191,44
191,168
191,126
191,27
191,30
191,90
191,123
191,15
191,51
191,187
191,83
192,104
192,123
192,125
192,77
192,52
192,12
192,81
192,31
193,24
193,133
193,2
193,14
194,112
194,22
194,184
194,88
194,142
194,109
195,31
195,13
195,184
195,80
195,134
195,112
195,8
195,168
195,7
195,5
195,139
195,170
195,52
195,105
195,36
195,172
196,130
196,126
196,40
196,44
196,26
196,181
196,152
196,187
196,51
196,158
196,173
196,96
196,74
196,38
196,114
196,80
196,40
197,58
197,160
197,133
197,171
197,155
197,187
197,148
197,87
197,148
197,87
197,45
197,7
197,91
197,120
198,91
198,139
198,183
198,156
198,186
198,183
199,6
199,60
199,129
199,16
199,177
199,195
199,19
199,20
199,175
199,5
199,74
199,177
200,155
200,185
200,44
200,136
200,72
200,120
200,175
200,119
200,143
200,59
200,49
200,40
200,72
200,29
200,91
